airplane-1 [0.5007533441370525, 0.5084227641253779, 0.6798703877023857]
basketball-1 [0.1795984399127796, 0.008509582626228775, 0.7688232423696498]
basketball-6 [0.7962156615377676, 0.5559676384965755, 0.8148983530657862]
basketball-11 [0.6246721746321492, 0.6114006646320246, 0.7381382565002508]
bear-4 [0.656049717711275, 0.5979946415700423, 0.7950031894910339]
bear-6 [0.6796411603376527, 0.6364626990077766, 0.8685590989310273]
bicycle-9 [0.5139699598934121, 0.40083352594119226, 0.618525853356334]
bicycle-18 [0.669573300722968, 0.580200364172132, 0.8077908332957676]
bird-15 [0.5138202244164735, 0.4500792730991164, 0.7563102245950873]
bird-17 [0.7089299651738674, 0.6660643505170584, 0.9191539315288332]
boat-12 [0.8441378152626503, 0.7485611055472077, 0.899978019844416]
book-3 [0.8374152610676983, 0.8208490153216333, 0.9234321074471559]
book-10 [0.2964348527308038, 0.34315420470584423, 0.7705471936913248]
book-11 [0.14785465316866853, 0.36576698670189195, 0.9244665078681061]
bottle-1 [0.5602556950646191, 0.4993386558580208, 0.7576983091503767]
bottle-12 [0.610100136416421, 0.060527555505434774, 0.7349345866892021]
bottle-14 [0.7217999326738982, 0.6913897546825704, 0.841478876587072]
bottle-18 [0.5310077509981753, 0.3949150842382574, 0.795471358625433]
car-2 [0.6146821086011961, 0.8029007036721102, 0.9351243204815184]
car-6 [0.7209094919942817, 0.7645826620116685, 0.8673628307890682]
car-9 [0.78665236847315, 0.7170602845260245, 0.8801167073763586]
car-17 [0.09981096813609433, 0.2517550292228941, 0.7425356141119221]
cat-3 [0.6004669176857047, 0.6058234148723156, 0.8151840219792786]
cat-18 [0.5419153023997306, 0.6231181474937955, 0.7579310770249986]
cat-20 [0.5381025478609706, 0.5347422719772331, 0.6435587358946696]
cattle-2 [0.6778486148414695, 0.3439066714021239, 0.707260107142964]
cattle-12 [0.6658588716182946, 0.6401773083233402, 0.7710904937073993]
cattle-13 [0.27395978360160933, 0.1992658288895758, 0.6583251510099277]
spider-14 [0.7253227054390927, 0.32847609999727206, 0.752823053180521]
coin-3 [0.8663375456405054, 0.04662240842883283, 0.5471075725488139]
coin-6 [0.5814631669340752, 0.5924828678163621, 0.7076429766973552]
coin-18 [0.7730533426151431, 0.7081634592334248, 0.8217188253971176]
crab-12 [0.08173465212067808, 0.4007637636027529, 0.8348610014157305]
crab-18 [0.8331979431261413, 0.5134871092573787, 0.9142259685234325]
surfboard-12 [0.3934882252874918, 0.22721610890775706, 0.4971066340145775]
surfboard-5 [0.6068619656633025, 0.6237246520679604, 0.8379281597745558]
surfboard-8 [0.673220466194703, 0.6593729396366335, 0.7681235121405208]
cup-1 [0.14331913047498154, 0.03173452013649494, 0.7446947722863578]
cup-4 [0.475796013914151, 0.6942036402753277, 0.9419748598644576]
cup-7 [0.6827257265792757, 0.7237797810348329, 0.93303749777221]
dog-19 [0.3967059704971468, 0.2838984632734656, 0.4965601704729807]
guitar-3 [0.708356331585215, 0.6398297686225618, 0.8684564567568418]
guitar-8 [0.5347296666928647, 0.48785948701334597, 0.8050132645563105]
guitar-10 [0.11939834775586078, 0.16666264687676743, 0.7041418064431136]
guitar-16 [0.7837011837407803, 0.3770798131919636, 0.8854523294343324]
person-12 [0.2008245266281304, 0.18142646178346672, 0.5326733071081725]
pig-10 [0.5491821409622881, 0.6559958667670102, 0.8220925672800541]
pig-13 [0.4943153193338723, 0.4479071946111592, 0.7548477432988394]
rubicCube-1 [0.09683890871471898, 0.07915171729070304, 0.691895554075522]
rubicCube-6 [0.7226341720060737, 0.6968609934922636, 0.8535785720016136]
swing-10 [0.3073071192307498, 0.2339920315280134, 0.7773034336653191]
swing-14 [0.06255991980884323, 0.03635670784094065, 0.1756355185946748]
swing-17 [0.2748540059673162, 0.04895193211841507, 0.5389097355668231]
swing-20 [0.2845941221587823, 0.3854423582995053, 0.7912638410554849]
drone-13 [0.11308242679462138, 0.08888969084096515, 0.48022166837246816]
drone-2 [0.20731499324078959, 0.2754434190014421, 0.8239247974654658]
drone-7 [0.5384774028521137, 0.3676679407897124, 0.6858008557454037]
pool-3 [0.715910840522724, 0.6543268069746458, 0.8153598635726291]
rabbit-10 [0.19865332172465708, 0.27833728526354584, 0.6498335859223011]
rabbit-13 [0.7146007208354047, 0.6683922814869551, 0.8310270246000666]
rabbit-17 [0.7101985488623014, 0.5905382704230396, 0.7967350924964529]
racing-10 [0.6227043552407447, 0.391278913825705, 0.7770515705948643]
racing-15 [0.7087782698536607, 0.5839324384809175, 0.8224241310857486]
racing-16 [0.7451673793005483, 0.674143853011028, 0.8272881440255838]
racing-20 [0.2873512608071669, 0.025076427487697953, 0.490422090701887]
robot-1 [0.3726417224918926, 0.34463813176919, 0.5612393193905997]
robot-5 [0.03788583067570685, 0.010398258244666241, 0.4465490130898775]
sepia-13 [0.12436156071470651, 0.05596543539694113, 0.23487230914004636]
sepia-16 [0.516989467316799, 0.4818172560747474, 0.7493847657997856]
sepia-6 [0.2885416852099581, 0.2916734405157616, 0.9039564830722607]
sepia-8 [0.35345794970007777, 0.1456199358406824, 0.7807855637127163]
sheep-3 [0.4923514199956247, 0.5028179245769714, 0.6461750970015688]
sheep-5 [0.5469925523278066, 0.0165575601418445, 0.8050891165089155]
sheep-7 [0.9410073894361837, 0.5355785397400282, 0.9603622095967658]
sheep-9 [0.14516459129230275, 0.15574948597936294, 0.4166684132964348]
skateboard-16 [0.06882535043063115, 0.04788084512117229, 0.7855310004979986]
skateboard-19 [0.4336697700745794, 0.055726708160584185, 0.7712226709462798]
skateboard-3 [0.7147799843290492, 0.5901834923694459, 0.8467365996600807]
tank-14 [0.2227189184398164, 0.2265269994290261, 0.6025827134500374]
tank-9 [0.4197287252840263, 0.42832370934341674, 0.7120667806391258]
tiger-4 [0.3826666293191398, 0.3591146781562327, 0.5338815329793354]
train-1 [0.3660719156382331, 0.08733730625376705, 0.4523201728729037]
train-11 [0.7256068433797531, 0.6807574353537034, 0.8493332910300413]
train-20 [0.6375646450816224, 0.36163389115587274, 0.785571820772743]
train-7 [0.2625301399000382, 0.143807494476203, 0.6727265453574812]
truck-16 [0.446839246657657, 0.45796236600804546, 0.567618073911907]
truck-6 [0.5492668131137978, 0.5311249908531069, 0.8572109510458262]
truck-7 [0.8155048246838752, 0.6018087515188326, 0.8115402339114943]
turtle-16 [0.587035358336666, 0.5908770984514103, 0.7680337390943942]
turtle-5 [0.7687291815777778, 0.7874190171574168, 0.8927650616374756]
turtle-9 [0.5604655782758426, 0.5887618909700948, 0.7041505545762451]
yoyo-17 [0.3831493523558273, 0.2234470064826755, 0.4406814292294175]
yoyo-19 [0.07604325612019189, 0.021979664111257086, 0.6812620248611383]
yoyo-7 [0.0007036624546336679, 0.0017599546636117584, 0.3106476602893352]
zebra-10 [0.2853957901014303, 0.1606097327553589, 0.5275185614881602]
zebra-14 [0.4635608191728599, 0.2056132052917348, 0.6363566097832469]
zebra-16 [0.23019539062357147, 0.22277754297828797, 0.5698383963586046]
elephant-1 [0.30098551298803494, 0.29046392657796755, 0.5460998115596037]
elephant-12 [0.44535525570662793, 0.4521020090224262, 0.5582766391614984]
elephant-16 [0.11984742773052914, 0.16787414559999497, 0.3125530655853946]
elephant-18 [0.783559888874802, 0.6427463375531407, 0.8852257206710301]
goldfish-3 [0.21793009468024943, 0.12406356906066798, 0.5296227896748773]
goldfish-7 [0.12787470096681947, 0.08731544357888146, 0.36477404664666413]
goldfish-10 [0.3752013013981744, 0.2726392388641112, 0.6044273790854011]
hat-1 [0.12749289190945157, 0.07403133091717831, 0.3253180825862554]
hat-2 [0.11286786344353565, 0.06281101301457363, 0.6844945131596655]
hat-5 [0.24829169841425075, 0.10039956714609587, 0.5599606422066556]
hat-18 [0.7815061607957517, 0.5699790603452803, 0.9170986855198325]
kite-15 [0.006798710262643439, 0.049056765990444694, 0.3746678064876181]
motorcycle-1 [0.5128026163201298, 0.6324857851335691, 0.8182559940766453]
motorcycle-3 [0.4921895353816116, 0.5776301346067901, 0.7239687312135316]
motorcycle-18 [0.3596277977461039, 0.030415849878402325, 0.7090699462817168]
mouse-1 [0.4318203756012112, 0.2794934850295122, 0.6635255645047174]
mouse-17 [0.6285128319136731, 0.5345085595908874, 0.8322825688683246]
flag-3 [0.454061758904292, 0.3931512778712581, 0.785960666172776]
flag-9 [0.8169519785769569, 0.827972931809104, 0.9398456024752596]
flag-5 [0.8817999158759495, 0.7878134099662027, 0.9151047358897875]
flag-2 [0.5576725001951564, 0.42710711814515906, 0.895324282915309]
frog-4 [0.5844619973146319, 0.2637730907349403, 0.8440528616524815]
frog-9 [0.8240913780354386, 0.5368579675599193, 0.87383302847616]
gametarget-1 [0.44691401258103786, 0.6629855629725903, 0.7773621309505367]
gametarget-2 [0.24967708603624636, 0.42769785080356776, 0.7208046393437385]
gametarget-7 [0.5104841674326596, 0.29404317108735034, 0.684847238082739]
gametarget-13 [0.4824831553050418, 0.4101163649859735, 0.6411789736064374]
hand-3 [0.2671842688139795, 0.09734193933511759, 0.44823970894894977]
hand-9 [0.19437794200553124, 0.17551311951044385, 0.3126903672382045]
hand-16 [0.8122191701054687, 0.7640848323817262, 0.8731865009885575]
helmet-11 [0.6920251488485788, 0.5861503519387632, 0.7948228634606926]
helmet-13 [0.4030773383976912, 0.4134877440195701, 0.6410811908587143]
licenseplate-12 [0.35201268736693925, 0.03495552566557344, 0.5009937493478623]
licenseplate-13 [0.6892578225958763, 0.5042123171706782, 0.7950792680295021]
electricfan-1 [0.750693619171306, 0.7233117573659872, 0.8553752269655324]
electricfan-18 [0.4295405712523596, 0.36892063058763913, 0.6420202914956389]
electricfan-20 [0.5788730934473576, 0.49294461792992145, 0.7816570140244186]
chameleon-3 [0.2617940653141702, 0.270361422440068, 0.38895564685213524]
chameleon-6 [0.45056511511633207, 0.2873574148144135, 0.7331787224582972]
chameleon-20 [0.1588881876598984, 0.09582130121356797, 0.5260584523156279]
crocodile-3 [0.6474471075745821, 0.661443186114068, 0.8163378409566415]
crocodile-4 [0.8182218367584824, 0.7032980081583208, 0.8623268403678699]
crocodile-10 [0.6480931751766417, 0.428000876485324, 0.7327470900777382]
crocodile-14 [0.7854087336220569, 0.7981325458576939, 0.9007085300456534]
gecko-1 [0.46901829785724575, 0.4842435629189446, 0.644846367847763]
gecko-5 [0.3146894003924759, 0.3702045190588103, 0.6261155999019596]
gecko-16 [0.6051039990976758, 0.42114789328960267, 0.6623730978165032]
gecko-19 [0.7840869147374182, 0.7612045822795798, 0.88792614065551]
fox-2 [0.8196048309127294, 0.7303618779338815, 0.9032650777731978]
fox-3 [0.6131476019366247, 0.5603767795897254, 0.7246742210121893]
fox-5 [0.7334168423241735, 0.7169580210262365, 0.8455958842428186]
fox-20 [0.5036300537328107, 0.39065880624301225, 0.6022120695474242]
giraffe-2 [0.4581791318347384, 0.5602058683303754, 0.8367746730001052]
giraffe-10 [0.5888124627279062, 0.5121391797500694, 0.7832235082214866]
gorilla-4 [0.5225570928285371, 0.4552167910441399, 0.6576036587374179]
gorilla-9 [0.4067288277960265, 0.44856381347008034, 0.6430389552551529]
horse-1 [0.7317045928441348, 0.7311888326018561, 0.8313085798259686]
horse-4 [0.7578759476071154, 0.759932750463786, 0.9075127340272978]
kangaroo-2 [0.44946747974756174, 0.5121649410304983, 0.7679763742311374]
kangaroo-5 [0.4666139293270879, 0.43295247564936284, 0.5729925541684091]
kangaroo-11 [0.42384569458515703, 0.34168836086843435, 0.6641982623281275]
kangaroo-14 [0.54370996968796, 0.5598207586229628, 0.7003705523608409]
leopard-7 [0.5922486514977053, 0.66894890810251, 0.8268260468610431]
leopard-20 [0.5854122058878843, 0.5935665786681489, 0.7828682430300884]
lion-12 [0.31509142700923515, 0.3331650558358218, 0.6348569355995101]
lion-20 [0.7180732634907068, 0.6836006328037342, 0.7993296572432707]
lizard-3 [0.4939236343780855, 0.3506914462178118, 0.6409150240037108]
lizard-6 [0.7349522519747312, 0.7156889450063613, 0.8475798103276952]
lizard-13 [0.5940467322068221, 0.4098219987559976, 0.8432798667355689]
microphone-2 [0.2246653590330566, 0.15763835639572685, 0.4883636790877654]
microphone-6 [0.3733341799589853, 0.36466646870075836, 0.5185261490641783]
microphone-14 [0.05313403756644738, 0.10562979124231658, 0.4460544354440981]
monkey-4 [0.34426426851545455, 0.1893799944630133, 0.5248698188084172]
monkey-9 [0.24778881145691165, 0.450304665956523, 0.6130902582868256]
monkey-17 [0.5575558524672253, 0.5460337012801987, 0.7646035390902071]
shark-2 [0.16472123287241555, 0.20164324007014503, 0.5667683311138549]
shark-5 [0.2946368953804154, 0.3539173549202657, 0.727262304411517]
shark-6 [0.6245845720249037, 0.5218923599486942, 0.6841172510197578]
squirrel-8 [0.35211679789621275, 0.3814758790720662, 0.5813265902275395]
squirrel-11 [0.29134274506122915, 0.15250590052755975, 0.7205562933322228]
squirrel-13 [0.3147060342693494, 0.26948607527140866, 0.5202913780230477]
squirrel-19 [0.7495487956000106, 0.4641793706086859, 0.8601620972290848]
volleyball-1 [0.6634748724516519, 0.5002536270856953, 0.7392959355368921]
volleyball-13 [0.4459480076449188, 0.005149337339117117, 0.5322211380486906]
volleyball-19 [0.01900512310468839, 0.008963194728945831, 0.1158077145379197]