uav_boat4 [0.8119309332297737, 0.7366572956493032, 0.8518653465050094]
uav_boat5 [0.8509458892076909, 0.7731661302248467, 0.9093951599730042]
uav_boat7 [0.8514226126483202, 0.3921913771320641, 0.880698979093733]
uav_boat8 [0.6845964508749105, 0.4533499205596145, 0.727164986949193]
uav_boat9 [0.48998225806452883, 0.393340275038541, 0.7532005310547594]
uav_building3 [0.6715145149178409, 0.6032049509754913, 0.72171382399068]
uav_car1_s [0.3552328692917744, 0.24746019856937604, 0.38010219321180194]
uav_car2_s [0.29643458380328136, 0.1658876576474766, 0.5908394011486471]
uav_car3_s [0.6856766093757545, 0.6245879839317904, 0.7565860595356916]
uav_car8_1 [0.8927999450920568, 0.7843065152189099, 0.8920602600465536]
uav_car8_2 [0.672585900025963, 0.6984488719560491, 0.8914524157827106]
uav_group1_1 [0.419944886833493, 0.5619528230613445, 0.7420103922708581]
uav_group1_3 [0.47092958055856465, 0.3851984207425979, 0.548941489922779]
uav_group1_4 [0.344955909288515, 0.4746385849699408, 0.5883917114482087]
uav_person13 [0.6382883879681369, 0.05153772512667723, 0.7240716450853448]
uav_person1_s [0.2453612095202379, 0.23931180711951136, 0.5889172693776463]
uav_person21 [0.19606485634095894, 0.20814599935849, 0.33216007577384543]
uav_person3_s [0.41395229574229975, 0.5584732209728218, 0.8249256597986251]
uav_truck1 [0.6936629044547225, 0.5007363504951492, 0.8538265184018038]
uav_truck4_1 [0.02410631016756412, 0.38333202282219, 0.6793979087597615]
uav_wakeboard5 [0.47759419592153934, 0.45674644351363775, 0.6365051939347699]