0
10
13
23
25
26
28
31
32
34
37
38
40
41
43
44
48
49
50
52
53
54
55
56
59
62
63
64
66
68
69
71
79
84
107
109
110
117
118
119
122
124
129
139
140
141
161
163
164
166
167
170
208
213
214
215
218
221
222
223
224
226
228
231
232
237
240
255
256
262
270
284
288
290
301
311
316
320
331
338
359
362
378
388
398
399
408
426
427
430
449
452
454
457
460
461
462
464
465
466
467
469
470
471
472
476
487
489
497
498
506
517
531
535
536
543
544
546
548
549
551
569
575
580
581
585
588
589
591
593
594
599
600
603
604
605
608
610
614
628
629
632
633
635
636
641
642
643
644
649
650
655
656
666
678
681
686
713
729
732
734
736
740
742
744
745
746
749
750
752
753
754
755
759
760
761
762
764
765
766
768
769
770
771
776
777
779
780
782
783
784
785
788
793
794
796
801
811
812
814
818
820
821
822
824
825
828
829
830
831
833
836
839
842
844
850
859
896
906
916
917
918
919
926
927
934
935
937
938
940
941
946
1008
1009
1016
1017
1018
1021
1023
1025
1026
1027
1029
1031
1032
1033
1035
1038
1039
1042
1043
1044
1045
1046
1048
1049
1050
1052
1055
1056
1058
1060
1061
1063
1064
1065
1066
1068
1092
1094
1115
1116
1120
1121
1124
1130
1152
1162
1169
1170
1184
1185
1187
1189
1192
1201
1217
1234
1235
1255
1256
1257
1258
1355
1361
1365
1366
1369
1373
1381
1384
1385
1387
1390
1391
1392
1394
1405
1407
1408
1413
1415
1427
1429
1430
1435
1442
1443
1449
1455
1469
1491
1492
1499
1500
1501
1503
1504
1506
1507
1508
1509
1511
1512
1515
1516
1517
1519
1522
1523
1525
1526
1527
1528
1529
1530
1548
1550
1570
1582
1593
1604
1620
1622
1623
1624
1625
1626
1629
1639
1642
1643
1644
1648
1649
1650
1651
1655
1656
1658
1659
1661
1663
1666
1667
1671
1676
1680
1681
1683
1685
1687
1688
1689
1690
1691
1692
1694
1698
1700
1704
1706
1707
1709
1713
1714
1716
1717
1718
1720
1722
1724
1726
1727
1728
1730
1735
1737
1738
1739
1755
1756
1757
1758
1771
1782
1808
1809
1815
1816
1818
1822
1830
1832
1836
1839
1845
1848
1852
1853
1856
1858
1861
1863
1866
1867
1868
1870
1872
1873
1874
1877
1905
1910
1920
1921
1935
1936
1940
1946
1958
1971
1979
1991
1997
2001
2005
2006
2010
2012
2015
2021
2022
2023
2025
2026
2028
2034
2037
2038
2040
2042
2043
2044
2045
2046
2047
2050
2053
2054
2055
2056
2059
2060
2061
2062
2067
2068
2069
2070
2071
2072
2079
2080
2082
2083
2090
2093
2095
2096
2097
2098
2099
2100
2104
2110
2114
2117
2120
2121
2134
2135
2159
2160
2161
2162
2166
2168
2173
2174
2175
2176
2177
2178
2179
2183
2187
2190
2194
2197
2200
2227
2232
2233
2238
2240
2241
2242
2243
2246
2247
2248
2249
2250
2251
2252
2253
2256
2257
2258
2259
2260
2261
2262
2263
2265
2266
2268
2270
2272
2273
2276
2279
2281
2282
2283
2284
2286
2291
2292
2293
2294
2295
2298
2299
2302
2303
2305
2307
2308
2319
2320
2321
2322
2323
2324
2325
2326
2327
2329
2330
2332
2335
2336
2337
2340
2343
2345
2346
2347
2349
2350
2351
2352
2353
2363
2365
2366
2367
2368
2370
2371
2373
2374
2375
2376
2377
2384
2385
2386
2390
2391
2394
2395
2396
2401
2417
2420
2437
2439
2453
2455
2458
2460
2461
2462
2463
2464
2465
2471
2479
2481
2483
2484
2485
2488
2492
2494
2498
2500
2504
2506
2507
2508
2509
2510
2511
2513
2515
2516
2520
2524
2530
2531
2532
2535
2537
2540
2541
2546
2548
2550
2551
2552
2553
2554
2562
2563
2567
2568
2569
2570
2572
2574
2576
2579
2580
2581
2582
2583
2584
2585
2586
2587
2590
2591
2592
2593
2594
2595
2596
2597
2602
2603
2604
2606
2608
2610
2612
2613
2614
2615
2618
2620
2621
2622
2623
2625
2626
2627
2630
2631
2633
2636
2637
2638
2640
2643
2644
2645
2646
2647
2649
2650
2651
2656
2657
2659
2661
2663
2668
2670
2671
2675
2677
2681
2684
2685
2686
2687
2688
2689
2690
2691
2692
2695
2697
2698
2700
2708
2715
2718
2719
2720
2731
2738
2747
2749
2750
2752
2756
2758
2759
2762
2769
2772
2774
2775
2776
2777
2780
2783
2883
2884
2885
2886
2889
2890
2891
2892
2893
2894
2895
2896
2905
2919
2927
2980
2981
2982
2989
2992
2997
3003
3077
3098
3103
3109
3121
3127
3130
3131
3136
3137
3138
3139
3140
3141
3142
3144
3146
3147
3151
3152
3154
3155
3157
3159
3163
3166
3177
3181
3183
3184
3185
3186
3187
3190
3191
3192
3193
3195
3217
3222
3242
3253
3257
3269
3272
3276
3308
3313
3319
3332
3336
3341
3342
3349
3350
3380
3381
3382
3383
3384
3385
3386
3387
3388
3390
3391
3392
3396
3398
3399
3400
3401
3404
3405
3406
3407
3408
3410
3411
3412
3413
3415
3417
3427
3432
3438
3442
3445
3446
3449
3451
3452
3453
3471
3472
3473
3484
3491
3493
3494
3495
3496
3499
3501
3503
3505
3511
3512
3517
3531
3533
3536
3543
3544
3553
3555
3556
3557
3561
3562
3563
3565
3569
3571
3577
3579
3581
3582
3583
3584
3585
3586
3587
3588
3591
3594
3596
3627
3632
3634
3642
3644
3646
3650
3663
3667
3740
3743
3745
3775
3776
3783
3787
3793
3797
3799
3802
3803
3805
3809
3810
3811
3812
3822
3832
3833
3835
3836
3837
3842
3844
3846
3847
3849
3850
3851
3852
3855
3857
3858
3859
3861
3862
3863
3866
3867
3869
3871
3872
3873
3874
3877
3878
3879
3880
3882
3885
3886
3887
3894
3897
3898
3901
3906
3914
3915
3916
3917
3918
3919
3920
3921
3922
3925
3929
3930
3931
3934
3939
3940
3944
3947
3948
3949
3951
3952
3953
3954
3955
3956
3957
3958
3959
3960
3961
3962
3963
3964
3965
3966
3967
3968
3969
3971
3972
3973
3974
3975
3976
3977
3978
3979
3980
3983
3984
3985
3986
3987
3988
3989
3990
3991
3992
3993
3994
3995
3996
3997
3998
3999
4000
4001
4002
4003
4004
4005
4006
4007
4008
4009
4010
4011
4012
4013
4014
4015
4016
4017
4018
4019
4020
4021
4022
4023
4024
4025
4026
4027
4028
4029
4030
4031
4033
4034
4035
4036
4037
4040
4042
4043
4044
4045
4046
4048
4050
4051
4053
4054
4055
4056
4057
4059
4060
4061
4062
4064
4065
4066
4068
4070
4071
4072
4073
4076
4082
4083
4084
4085
4086
4088
4090
4091
4093
4095
4096
4098
4099
4102
4103
4104
4105
4106
4107
4108
4109
4110
4111
4113
4115
4116
4117
4119
4120
4121
4123
4124
4125
4126
4127
4128
4129
4130
4131
4132
4133
4134
4135
4136
4137
4138
4139
4143
4144
4145
4146
4148
4149
4152
4153
4160
4161
4162
4163
4164
4165
4167
4169
4170
4171
4172
4174
4175
4176
4177
4178
4180
4181
4182
4183
4184
4185
4186
4187
4188
4189
4190
4195
4196
4200
4203
4204
4206
4207
4208
4209
4210
4211
4212
4219
4220
4221
4223
4225
4226
4227
4229
4230
4232
4234
4235
4237
4238
4241
4242
4243
4247
4248
4249
4250
4251
4253
4254
4256
4258
4259
4261
4262
4263
4266
4267
4268
4269
4270
4271
4272
4273
4274
4275
4276
4277
4279
4280
4281
4282
4283
4287
4289
4291
4293
4294
4295
4296
4297
4299
4300
4301
4302
4303
4304
4306
4308
4310
4312
4313
4314
4315
4317
4318
4319
4320
4322
4323
4325
4326
4327
4328
4329
4330
4331
4332
4333
4334
4335
4337
4338
4339
4340
4342
4349
4352
4353
4354
4355
4356
4357
4358
4359
4360
4361
4363
4364
4365
4369
4370
4371
4372
4373
4374
4375
4376
4377
4378
4379
4381
4382
4383
4384
4385
4386
4387
4388
4394
4395
4396
4397
4398
4399
4400
4402
4403
4404
4405
4406
4407
4408
4409
4410
4411
4412
4414
4415
4416
4417
4420
4422
4424
4425
4427
4428
4429
4430
4431
4432
4433
4434
4436
4437
4438
4439
4440
4441
4444
4445
4446
4447
4449
4450
4451
4453
4454
4455
4457
4459
4460
4463
4464
4466
4467
4468
4469
4470
4471
4472
4473
4475
4477
4478
4479
4480
4481
4482
4483
4485
4487
4488
4491
4492
4494
4495
4496
4497
4499
4500
4501
4502
4503
4504
4505
4506
4507
4508
4509
4510
4511
4512
4513
4514
4515
4516
4517
4518
4519
4520
4521
4522
4523
4524
4526
4527
4528
4529
4530
4531
4532
4533
4534
4536
4537
4538
4539
4540
4541
4542
4543
4544
4545
4546
4547
4548
4550
4553
4569
4582
4597
4598
4605
4608
4609
4611
4614
4623
4628
4629
4630
4633
4636
4640
4642
4643
4644
4645
4647
4649
4650
4652
4655
4656
4657
4659
4661
4665
4668
4672
4677
4682
4687
4695
4696
4697
4698
4700
4713
4716
4717
4727
4735
4755
4765
4767
4768
4770
4773
4774
4777
4778
4782
4783
4784
4791
4793
4795
4796
4799
4804
4805
4806
4808
4810
4812
4813
4814
4815
4816
4818
4819
4821
4822
4823
4830
4835
4837
4838
4839
4841
4842
4843
4845
4847
4848
4851
4855
4856
4857
4858
4859
4862
4865
4878
4880
4882
4891
4899
4905
4912
4920
4924
4927
4928
4930
4931
4933
4938
4940
4955
4959
4960
4962
4964
4968
4973
4976
4979
4980
4981
4982
4983
4986
4995
4998
4999
5002
5004
5006
5007
5008
5010
5012
5013
5015
5019
5024
5026
5027
5035
5041
5042
5043
5044
5045
5046
5048
5050
5051
5053
5054
5055
5058
5059
5061
5065
5066
5074
5077
5078
5083
5085
5088
5102
5112
5113
5114
5123
5124
5125
5132
5133
5134
5146
5151
5152
5153
5160
5162
5163
5164
5176
5179
5181
5223
5224
5227
5228
5229
5232
5235
5236
5238
5257
5260
5274
5286
5288
5289
5290
5293
5296
5298
5300
5301
5303
5305
5310
5314
5315
5316
5318
5320
5321
5323
5324
5326
5327
5332
5338
5340
5343
5344
5345
5346
5347
5354
5355
5356
5357
5358
5362
5366
5367
5368
5369
5373
5374
5375
5389
5390
5395
5400
5407
5417
5449
5461
5465
5468
5472
5474
5476
5486
5492
5505
5510
5511
5513
5515
5516
5555
5558
5562
5567
5628
5634
5641
5645
5648
5652
5653
5663
5666
5674
5675
5681
5693
5697
5699
5712
5721
5734
5740
5743
5773
5776
5791
5814
5816
5819
5820
5821
5822
5827
5828
5832
5835
5838
5839
5841
5842
5846
5853
5865
5872
5877
5905
5920
5922
5923
5924
5925
5926
5927
5928
5929
5931
5933
5934
5935
5936
5937
5939
5940
5943
5944
5945
5948
5949
5950
5951
5952
5953
5954
5955
5956
5957
5958
5959
5960
5961
5962
5963
5964
5966
5968
5969
5971
5973
5974
5975
5976
5978
5982
5984
5985
5987
5988
5991
5992
5993
5994
5996
5997
5999
6000
6002
6003
6004
6005
6006
6007
6008
6009
6010
6012
6013
6014
6017
6023
6025
6026
6027
6028
6029
6032
6033
6035
6037
6038
6039
6041
6044
6045
6046
6047
6050
6052
6053
6055
6057
6058
6060
6061
6062
6068
6070
6073
6076
6079
6081
6083
6084
6085
6087
6088
6089
6092
6095
6098
6102
6103
6104
6105
6106
6108
6111
6113
6116
6119
6122
6123
6125
6126
6127
6132
6133
6134
6139
6143
6145
6146
6147
6148
6152
6153
6154
6159
6160
6164
6165
6166
6167
6169
6170
6171
6172
6174
6175
6176
6178
6179
6181
6183
6185
6187
6188
6189
6191
6194
6208
6220
6238
6239
6242
6245
6258
6259
6260
6261
6262
6263
6264
6265
6266
6267
6268
6269
6270
6271
6272
6273
6276
6277
6279
6280
6281
6282
6283
6284
6285
6287
6288
6289
6290
6291
6292
6295
6296
6298
6314
6317
6321
6322
6323
6324
6326
6328
6330
6331
6332
6334
6337
6340
6342
6346
6350
6352
6353
6356
6357
6359
6360
6361
6362
6363
6366
6369
6373
6374
6375
6376
6378
6381
6383
6384
6385
6386
6388
6390
6392
6393
6394
6396
6397
6398
6399
6400
6401
6402
6405
6406
6407
6408
6409
6410
6411
6412
6413
6415
6419
6420
6422
6423
6424
6425
6428
6431
6435
6441
6444
6451
6456
6457
6458
6459
6460
6464
6465
6467
6468
6469
6470
6482
6483
6484
6486
6487
6488
6490
6492
6495
6497
6498
6499
6500
6501
6504
6505
6506
6508
6509
6511
6513
6514
6515
6516
6518
6520
6521
6522
6523
6525
6526
6527
6528
6529
6530
6531
6532
6533
6535
6539
6540
6541
6542
6544
6545
6546
6547
6548
6549
6550
6551
6552
6555
6556
6558
6561
6562
6565
6568
6569
6570
6572
6573
6574
6577
6578
6581
6582
6584
6592
6593
6594
6601
6602
6605
6609
6610
6612
6613
6614
6616
6617
6619
6620
6623
6626
6627
6634
6638
6639
6641
6643
6645
6647
6648
6649
6650
6651
6652
6654
6656
6657
6658
6659
6660
6661
6662
6664
6665
6666
6669
6670
6673
6674
6676
6677
6679
6680
6681
6682
6683
6686
6687
6691
6694
6695
6697
6704
6707
6708
6709
6710
6711
6712
6753
6756
6764
6765
6766
6767
6768
6769
6771
6773
6776
6780
6782
6783
6784
6785
6786
6787
6788
6789
6793
6795
6796
6799
6801
6802
6803
6808
6812
6820
6821
6822
6825
6829
6837
6838
6840
6844
6845
6846
6850
6851
6852
6854
6857
6885
6886
6887
6888
6889
6890
6893
6897
6902
6904
6905
6906
6908
6910
6915
6916
6920
6921
6926
6928
6929
6930
6931
6932
6935
6936
6937
6938
6939
6940
6942
6944
6947
6948
6953
6957
6958
6959
6960
6962
6964
6965
6968
6969
6980
6982
6996
6998
7005
7006
7009
7015
7017
7018
7019
7020
7021
7022
7023
7025
7027
7028
7029
7030
7032
7033
7034
7036
7037
7038
7039
7040
7041
7042
7043
7044
7046
7047
7048
7049
7050
7051
7052
7053
7055
7057
7060
7063
7067
7068
7070
7071
7072
7073
7074
7075
7076
7077
7078
7079
7108
7116
7123
7127
7133
7140
7142
7149
7150
7159
7168
7169
7173
7174
7177
7182
7185
7190
7191
7193
7252
7259
7263
7264
7273
7275
7276
7277
7281
7282
7285
7287
7288
7289
7290
7291
7292
7293
7294
7296
7297
7298
7299
7302
7305
7306
7307
7308
7310
7311
7313
7314
7315
7316
7317
7318
7319
7320
7322
7326
7330
7333
7335
7340
7354
7361
7373
7375
7376
7377
7378
7379
7381
7383
7384
7385
7386
7388
7389
7390
7391
7392
7393
7394
7395
7396
7397
7398
7399
7400
7402
7403
7404
7409
7410
7411
7412
7413
7414
7416
7417
7418
7421
7427
7429
7430
7431
7433
7434
7435
7436
7437
7438
7439
7440
7442
7443
7444
7445
7446
7447
7448
7449
7450
7452
7453
7454
7455
7456
7457
7458
7459
7460
7461
7462
7465
7466
7467
7468
7471
7472
7473
7474
7475
7476
7478
7479
7480
7481
7482
7483
7484
7485
7486
7487
7488
7490
7491
7493
7494
7495
7497
7498
7499
7500
7502
7503
7504
7506
7507
7508
7509
7510
7511
7512
7513
7515
7517
7518
7519
7520
7521
7522
7523
7524
7525
7526
7527
7528
7530
7531
7532
7534
7535
7539
7540
7541
7546
7547
7548
7551
7554
7572
7573
7574
7578
7585
7586
7587
7588
7591
7593
7598
7599
7601
7608
7610
7615
7621
7625
7628
7634
7635
7638
7639
7640
7641
7642
7643
7644
7645
7646
7647
7648
7657
7679
7687
7688
7703
7707
7712
7716
7722
7724
7725
7731
7732
7735
7736
7737
7738
7739
7743
7752
7754
7756
7758
7763
7765
7767
7769
7770
7771
7773
7774
7775
7777
7779
7780
7783
7785
7786
7787
7788
7789
7790
7792
7793
7794
7827
7828
7830
7832
7833
7834
7835
7836
7837
7838
7839
7840
7842
7843
7844
7847
7848
7849
7851
7852
7853
7854
7855
7856
7857
7858
7859
7861
7863
7864
7867
7871
7876
7877
7878
7882
7884
7885
7886
7887
7888
7890
7891
7892
7893
7903
7906
7907
7908
7909
7910
7911
7912
7913
7915
7916
7917
7920
7921
7922
7924
7925
7926
7927
7928
7929
7930
7931
7933
7935
7936
7937
7939
7940
7941
7947
7951
7956
7959
7964
7966
7968
7970
7973
7976
7978
7984
7986
7988
7990
7995
7998
8001
8007
8010
8018
8024
8026
8032
8039
8052
8054
8055
8056
8060
8062
8068
8070
8074
8077
8092
8093
8111
8113
8115
8117
8118
8121
8124
8125
8126
8129
8140
8150
8172
8180
8184
8189
8190
8191
8192
8194
8195
8196
8215
8218
8221
8226
8231
8234
8246
8250
8251
8256
8257
8258
8262
8265
8267
8268
8269
8273
8289
8294
8298
8304
8305
8308
8321
8323
8347
8357
8368
8371
8384
8387
8428
8436
8445
8497
8523
8525
8528
8559
8568
8574
8576
8578
8580
8581
8585
8587
8588
8590
8600
8601
8609
8611
8612
8615
8619
8620
8637
8638
8639
8640
8642
8644
8646
8647
8648
8649
8650
8651
8652
8653
8654
8659
8661
8665
8666
8667
8669
8672
8674
8675
8677
8679
8680
8681
8682
8683
8687
8689
8690
8691
8692
8693
8694
8695
8696
8697
8699
8703
8706
8708
8710
8712
8713
8714
8715
8716
8719
8720
8721
8724
8725
8726
8727
8767
8849
8850
8860
8883
8891
8893
8897
8899
8911
8916
8923
8929
8933
8934
8936
8942
8943
8944
8946
8947
8952
8953
8958
8961
8963
8970
8971
8973
8974
8975
8976
8977
8978
8979
8981
8982
8983
8984
8988
8990
8992
8995
8998
8999
9002
9006
9015
9021
9035
9036
9037
9039
9040
9041
9042
9044
9056
9058
9059
9060
9061
9062
9063
9065
9067
9070
9073
9075
9078
9080
9089
9094
9095
9096
9097
9099
9101
9102
9103
9104
9107
9108
9109
9111
9112
9114
9116
9117
9118
9119
9120
9122
9123
9124
9125
9128
9129
9131
9133
9134
9141
9150
9151
9179
9182
9185
9190
9193
9194
9211
9213
9221
9234
9243
9247
9255
9261
9264
9267
9271
9273
9278
9283
9284
9285
9293
9294
9301
9302
9303
9304
9309
9310
9313
9315
9317
9318
9321
9323
9324
9325
9326
9327
9329
9331
9332
