1. (-2, 4, 17)
2. (-1, 5, 19)
3. (0, -5, 17)
4. (0, -4, 18)
5. (0, -4, 21)
6. (-6, 2, 8)
7. (0, -3, 17)
8. (0, -3, 20)
9. (0, -2, 15)
10. (-6, 2, 12)
11. (0, -1, 19)
12. (0, -1, 22)
13. (0, 0, 7)
14. (0, 0, 9)
15. (0, 0, 13)
16. (0, 0, 19)
17. (-2, 6, 19)
18. (-1, -6, 11)
19. (-1, -6, 12)
20. (0, 5, 13)
21. (-1, -6, 13)
22. (0, 5, 18)
23. (-6, 3, 8)
24. (1, -4, 15)
25. (1, -4, 21)
26. (1, -3, 20)
27. (1, -3, 21)
28. (1, -2, 13)
29. (1, -1, 11)
30. (1, -1, 16)
31. (1, -1, 19)
32. (-1, -6, 17)
33. (1, 3, 7)
34. (1, 3, 8)
35. (1, 3, 9)
36. (1, 3, 12)
37. (-6, 4, 8)
38. (1, 6, 8)
39. (-6, -5, 7)
40. (-6, 4, 18)
41. (2, -2, 21)
42. (2, -1, 21)
43. (2, -1, 22)
44. (2, 1, 8)
45. (2, 1, 10)
46. (2, 1, 11)
47. (2, 1, 13)
48. (-1, -4, 11)
49. (2, 1, 18)
50. (2, 2, 8)
51. (2, 2, 10)
52. (2, 3, 8)
53. (2, 3, 10)
54. (2, 3, 16)
55. (-6, 5, 12)
56. (2, 3, 21)
57. (2, 4, 7)
58. (2, 4, 8)
59. (2, 4, 10)
60. (-6, 5, 13)
61. (2, 4, 13)
62. (2, 4, 18)
63. (2, 4, 22)
64. (2, 6, 22)
65. (-6, 5, 18)
66. (3, -1, 11)
67. (3, 2, 8)
68. (3, 2, 10)
69. (3, 2, 12)
70. (3, 2, 19)
71. (3, 3, 8)
72. (3, 3, 9)
73. (3, 3, 10)
74. (3, 3, 16)
75. (-6, 6, 17)
76. (3, 4, 8)
77. (3, 4, 9)
78. (3, 4, 21)
79. (-1, -4, 19)
80. (-1, -4, 22)
81. (3, 6, 9)
82. (-5, -6, 12)
83. (-5, -6, 19)
84. (4, 2, 8)
85. (-2, 4, 20)
86. (-5, -5, 7)
87. (-1, -3, 19)
88. (-1, -3, 20)
89. (4, 6, 11)
90. (5, 0, 11)
91. (-5, -4, 8)
92. (-1, -2, 12)
93. (-5, -4, 10)
94. (-5, -4, 11)
95. (5, 5, 10)
96. (-5, -3, 9)
97. (-5, -3, 11)
98. (6, 2, 7)
99. (6, 4, 17)
100. (-5, -3, 19)
101. (-6, -5, 17)
102. (6, 6, 22)
103. (-5, -2, 9)
104. (-6, -5, 18)
105. (-5, -1, 9)
106. (-1, -2, 22)
107. (-5, 0, 9)
108. (-1, -1, 7)
109. (-1, -1, 15)
110. (-1, -1, 17)
111. (-1, -1, 19)
112. (-1, -1, 21)
113. (-1, -1, 22)
114. (-6, 1, 8)
115. (-1, 0, 19)
116. (-6, 1, 9)
117. (-1, 0, 22)
118. (-1, 1, 11)
119. (-1, 1, 17)
120. (-1, 1, 18)
121. (-1, 1, 19)
122. (-1, 2, 7)
123. (-1, 2, 11)
124. (-1, 2, 12)
125. (-1, 2, 18)
126. (-1, 2, 19)
127. (-1, 2, 22)
128. (-1, 3, 7)
129. (-1, 3, 8)
130. (-1, 3, 11)
131. (-1, 3, 19)
132. (-1, 3, 20)
133. (-1, 4, 7)
134. (-1, 4, 10)
135. (-1, 5, 11)
136. (-5, 5, 6)
137. (-6, -4, 6)
138. (2, -3, 23)
139. (-3, -4, 3)
140. (2, -1, 23)
141. (-3, -4, 4)
142. (-4, -3, 6)
143. (2, 4, 24)
144. (-3, -2, 3)
145. (3, -1, 25)
146. (-3, -1, 3)
147. (-4, -3, 3)
148. (-4, -2, 6)
149. (-3, 0, 3)
150. (-3, -4, 23)
151. (-3, 0, 6)
152. (-3, 1, 3)
153. (-4, -1, 3)
154. (-4, -6, 6)
155. (-3, -3, 24)
156. (-3, 4, 4)
157. (6, 3, 24)
158. (-4, 6, 5)
159. (6, 5, 26)
160. (-3, 5, 4)
161. (-3, 5, 5)
162. (-3, 5, 6)
163. (-2, -5, 5)
164. (-3, -2, 24)
165. (-2, -5, 6)
166. (-2, -4, 4)
167. (-2, -4, 5)
168. (-2, -4, 6)
169. (-4, 6, 6)
170. (-2, -3, 4)
171. (-2, -2, 4)
172. (-2, 1, 3)
173. (-2, 1, 4)
174. (-4, -1, 5)
175. (-2, 2, 4)
176. (-2, 3, 4)
177. (-6, 0, 3)
178. (-2, 4, 5)
179. (-2, 4, 6)
180. (-3, -6, 6)
181. (-2, 5, 6)
182. (-4, -1, 6)
183. (-4, 0, 3)
184. (-6, -4, 5)
185. (-6, 3, 4)
186. (-4, 0, 5)
187. (-6, 4, 4)
188. (-6, 4, 5)
189. (-6, 4, 6)
190. (-4, 1, 3)
191. (1, 6, 23)
192. (-6, 5, 5)
193. (-6, 5, 6)
194. (3, 3, 5)
195. (-5, -5, 5)
196. (-5, -5, 6)
197. (-5, -4, 4)
198. (-5, -3, 3)
199. (6, 3, 5)
200. (-5, -2, 3)
201. (-4, -5, 4)
202. (-3, -5, 4)
203. (-4, 1, 6)
204. (-2, 2, 23)
205. (-6, -3, 4)
206. (-4, 2, 6)
207. (-4, -5, 5)
208. (-4, 3, 3)
209. (-1, -2, 25)
210. (-1, -1, 23)
211. (-4, -5, 6)
212. (-1, 0, 25)
213. (-3, -5, 5)
214. (-1, 1, 25)
215. (-4, 3, 6)
216. (-4, 4, 4)
217. (0, -4, 23)
218. (0, -2, 25)
219. (-4, 5, 4)
220. (0, -1, 25)
221. (0, 0, 25)
222. (0, 0, 26)
223. (-4, 5, 5)
224. (-3, -5, 6)
225. (-4, 5, 6)